0.018206291850101912 -0.009959411588202632 -0.015263208653367883 0.024000918189786006 0.02581655333207035 -0.0006084500886039435 0.01928089834028933 -0.029446272874454827 0.0018933451399364423 0.0010526283229490329 -0.03202288441319157 -0.03623249136533988 -0.027454251188856787 0.021837432927322202 -0.012482469223441126
-0.00889529325051788 -0.027322905961292956 -0.0662556682149866 0.0013954685848844978 0.03446072876335633 0.0012736511364587616 -0.024030171196470555 -0.02365697941124509 -0.018208040599064133 0.037569631438531544 0.023345664100824923 -0.043843494924485346 0.06441505769807479 -0.006998925949655699 -0.01778695009052219
0.0022390009646678847 0.003522706781266527 0.05027014618688886 -0.01486510689385635 -0.03663722270002418 0.024307572471820884 0.006352696614940604 0.046453372262825685 0.03560618878629057 0.038200762148365666 -0.04725052936037999 -0.03505980025298064 -0.02060907232243463 0.010252217967752783 -0.008600361307633768
-0.03861416915451391 0.01731006665583479 0.022987833466152876 -0.05780220396543833 0.02554567185031761 0.001572509375198213 -0.021808283096887458 0.02281876411314037 0.02122116903515229 -0.014522792455176762 0.04226157626797015 -0.025866298491540693 0.029822174692714438 0.006847686868919424 -0.051217911162174605
0.019462399126223783 -0.022400721237551904 0.012041575444200599 -0.002247275216359688 0.019220965025465657 0.013282088251150034 -0.05733567721529936 0.04980990987985608 -0.005400337426990476 0.007868477523875688 0.00539901326273729 0.02100646253314116 -0.01460166383525913 0.02452117434213721 0.0025793815672477296
-0.012255470220161711 0.026728680244607173 -0.03306419814845675 -0.014974001729468516 -0.010822521279612448 -0.001277154902295901 0.019074758327569403 0.019148088792523495 0.06088628289332433 0.019830095983596092 -0.0038450199520246174 -0.014922810131095825 -0.005205154960549117 -0.03098789033132956 -0.02475000599313771
-0.02484619387931041 0.015603199200339937 0.03006439079357543 -0.02095030567763939 -0.014845321812870663 0.004785758201884352 0.005404942039757543 0.05138771150572111 -0.045808001681508365 -0.007143394904502895 0.02389163902330653 0.003069137134552017 0.0010599760348584332 0.02753018348191162 0.051409110575082045
-0.0039565688601234175 0.009805685148467979 0.022482235188698758 -0.031219032450432775 0.003496307108738055 0.0013256905275100888 -0.02055467892107572 0.009758238712463072 -0.026056423320365035 0.002668790638816545 -0.020194850029345162 0.03417749198753785 -0.010947368038302239 0.004692299252157775 0.014320173214689121
-0.03366047257079482 -0.032114394168147195 -0.006846085309657793 -0.015420582117895335 0.022998807082467588 -0.009949396461159474 0.012152766702658751 0.01807575220068085 -0.013024926691656296 0.021925589613716014 -0.05350275568482219 0.044871802165358556 0.029044306569919028 -0.016875565516361338 -0.001190972267978627
-0.0028536616688310786 0.022302642102774023 0.058023659117333336 0.010461904671459908 0.0268840958070956 -0.014023480108527839 -0.010312044225001014 -0.02640587552602143 -0.019647968728799852 -0.037259254795119046 -0.004053586580388159 -0.023973829586497356 0.01355727101277678 0.006556986187101406 0.02928501989336683
0.01055738944126555 -0.049096806385950514 0.02733039941123836 -0.018774599928782713 -0.02912153978908375 0.04765771304647622 0.018565615888546723 -0.009328521789074055 -0.009984296163131439 0.022185413120581882 0.0027345315979861373 0.02003950604293362 0.0011882767166675778 0.011170300987161208 0.030771062675645867
-0.020248597003221565 -0.057247284735975415 -0.004285150379078289 6.275248804781253e-05 0.009353145704022616 -0.024042213371213813 0.04361765168710039 0.01052334488743109 0.03853560051985023 0.0073954714611120555 0.04207597107480976 -0.0037841027795227342 -0.005228764281746709 -0.017305388587293448 -0.006664914525252662
0.005597922634494611 -0.029608456643231102 -0.007979122392724046 0.0007255662375168043 -0.018416341710336147 0.018051497232187377 0.033069653586312746 0.016506894019458877 -0.005642717483982966 0.0016322064960944127 -0.014396620486858542 0.0037741773238889774 0.04921275844953247 -0.014990151788989233 -0.008830487490541914
0.01553047687635489 0.006422850088722858 0.04500310953215535 0.0724927632786525 0.0016300641665486497 -0.04332887404681267 -0.012016722741414559 -0.027278773712313083 -0.0023847838570849236 0.02318909864539606 0.002188375534630444 0.021144059035485073 0.014718874195679278 -0.01935016645964664 -0.00046265326210436744
0.021847508581149 -0.007230168699221516 -0.08066025044474608 0.06270087655607284 -0.006167665532839851 -0.06340471579210982 0.010470622355806269 -0.036614565594522336 0.02813978953519733 0.04739552605699153 -0.01888483902228098 0.022982959488822514 0.0371944744731617 -0.004728247096410235 0.03026488309812886
0.48417475411074773 -0.44877786849870727
0.3228776412337366 -0.11723020495509608
-0.4268295549087696 0.280709037137974
-0.35583141606022617 -0.4297764626281819
0.40409240755142545 -0.5048881605574395
-0.4344551608170237 -0.4827046445020293
0.2394729886651869 -0.2880607191779672
0.32352132279503154 0.37581208612095673
-0.2830715452668769 0.08946179915149882
0.46494910730963596 0.24213359199056378
0.08769573560252623 0.48525439191733727
-0.10600934327898266 -0.32742368940519484
0.4722847175783592 -0.15531833712072063
0.3404601792301212 -0.22114042933851058
0.2926697952409504 -0.15544457842776013
