63 512 343 527
343 527 589 525
589 525 669 488
669 488 700 436
700 436 705 328
705 328 608 284
608 284 463 280
463 280 365 259
365 259 369 205
369 205 703 200
703 200 767 179
767 179 775 96
775 96 709 46
709 46 98 12
98 12 13 196
13 196 73 365
73 365 64 512
121 466 320 469
320 469 497 480
497 480 587 475
587 475 625 420
625 420 605 362
605 362 505 354
505 354 401 339
401 339 334 320
334 320 263 245
263 245 282 165
282 165 382 121
382 121 548 126
548 126 653 129
653 129 652 99
652 99 165 69
165 69 93 174
93 174 133 302
133 302 120 464