0.018407336461394978 -0.010030286322150564 -0.015291996664433014 0.02413583160631769 0.025763591343683688 -0.0005097917733593906 0.019374405017521155 -0.02964904372955197 0.001890196225289623 0.0011368104026367655 -0.03176270363816425 -0.03639512342579989 -0.027204137565612956 0.021949065563471565 -0.01243107312334254
-0.00918394551267253 -0.027430449482109303 -0.06604131191835255 0.0011449004100021075 0.03431671156498235 0.0014124444410360617 -0.02408267151326052 -0.023456537241335194 -0.01811309318280553 0.03771641963331597 0.023172968133614434 -0.043828050340922686 0.06433114706784777 -0.007142478072213842 -0.0178787042972695
0.001947255402724775 0.0036641135712264057 0.05030724268784804 -0.014897703024979109 -0.0366565185501992 0.0243944846039337 0.006143018227353298 0.04613345163120753 0.03571193628783331 0.038438598953765606 -0.047337681721625884 -0.034945124632349625 -0.020644387486130546 0.0102352515963671 -0.008289138659243684
-0.03826716357857608 0.017357405219531736 0.022934325388651228 -0.05766556751081477 0.025235094441846913 0.0014193632611632886 -0.02166144721091429 0.022963134955273284 0.02120655602420804 -0.014376322345431632 0.04218740894366941 -0.025629141322316064 0.02958515516162216 0.006523678168566436 -0.05124552495486089
0.019356193790977916 -0.022565779306450193 0.012255943662968775 -0.0021934661937015555 0.019006636745428553 0.013055895275409462 -0.05729418968807412 0.04953490740636069 -0.00540033121032774 0.008080688421595875 0.005287528964394101 0.02088081507042705 -0.014341773719698438 0.02493223819123623 0.0025650127372215115
-0.012476987414390356 0.02652120267497065 -0.03285651489390556 -0.015221469606318207 -0.011047894170613554 -0.0012133975241087017 0.019090738533060803 0.018983820400140933 0.06080635564958437 0.01970029117282939 -0.0037683470598585695 -0.014763250134539755 -0.005092358853410431 -0.031038430795227216 -0.024814415594385752
-0.02484800294739775 0.015735412089148196 0.029820456991115435 -0.02075105043734103 -0.014450957117934092 0.004536635453832999 0.005607469256266343 0.05141034602543799 -0.04566754154005513 -0.006865092160138122 0.023641550438671676 0.0031198045174997743 0.0010337699105912837 0.02751749833012968 0.051631230854557626
-0.004072299970780973 0.0098554100144556 0.02245550588279863 -0.031085255846913965 0.0032987247304222 0.0012610883850344996 -0.020486491225250317 0.00991942459649838 -0.026142991125880168 0.002538286544778758 -0.020442848853265007 0.03420401809754703 -0.01092096955831394 0.004816166516493711 0.014334802377322257
-0.03348963746676461 -0.03249622244812979 -0.007157705170602207 -0.015110554599681116 0.023083856015168488 -0.010099321120213235 0.012279704104271486 0.01826208398609016 -0.012864767975673555 0.0219876195429505 -0.053184953383980355 0.04472751578214927 0.029325358817486085 -0.016952201726901574 -0.0014013862322905665
-0.0029042593668574565 0.02242566169503901 0.05807226763431988 0.010483513193854628 0.027061914098864836 -0.014123714206999018 -0.010365989366601493 -0.026329573280128672 -0.019602273166154472 -0.03713156730351685 -0.003999822162846632 -0.02404386153328296 0.013630443949238104 0.006650264377257287 0.029392427640233497
0.010727179213808882 -0.04918106274104347 0.027215872806274084 -0.018699095333469834 -0.029046972341530395 0.04764065183572986 0.01858974123331293 -0.009226693406373398 -0.009894126991413899 0.022344605462135736 0.002619881049638816 0.02000126327106547 0.001394008893690848 0.01127794088277666 0.030715767742151043
-0.020405106071378132 -0.05740439947831336 -0.0043649676477073894 0.00017771573580656572 0.009087569637621157 -0.02397086287406656 0.0434820097489327 0.010407195000102213 0.038615419134296135 0.0075462728298627026 0.041959155587336 -0.004067891507997859 -0.0050453699607696705 -0.017060997811728047 -0.006655969000552752
0.005471487192133692 -0.029376261937145126 -0.00787625761061027 0.0006902646742848556 -0.01825314735142211 0.018071472604169102 0.03282750451939638 0.01652991857109358 -0.005681811292329 0.0016458168377505255 -0.014544247052382143 0.003505836622754428 0.04938959197490725 -0.014805403566730307 -0.00905456458724341
0.01547614951533491 0.006277234830529947 0.045199362265645686 0.07211996769399318 0.001512584061712918 -0.04331161457956735 -0.012262026364984134 -0.027335147269820264 -0.0022400254177605905 0.02320804644157371 0.0025386793141730247 0.021293200655573757 0.01504724232662085 -0.019454092745876447 -0.0003227209382963901
0.02204795716361028 -0.0069709851691102135 -0.0803348998515982 0.06275271012027588 -0.006005550641950323 -0.06315861688359863 0.010693362386707764 -0.03640745867424489 0.02815456601136821 0.04733357985431179 -0.01856327844760914 0.02319297539159319 0.03731963251547541 -0.004717035311588691 0.030522366184177356
0.4840680965594334 -0.44880564092242503
0.3227913680399293 -0.11702984557664936
-0.42683312090002534 0.28068515461495835
-0.35547366908688294 -0.42977990531856364
0.4041145967604689 -0.5050504296344193
-0.43436264855940343 -0.48305356700957397
0.23963386580856272 -0.2878967573965184
0.3232949168131966 0.3755393558774043
-0.2833707266063829 0.08947925748504255
0.4646727846247418 0.24206724823596587
0.08761463004261813 0.48518074019647717
-0.1060268896871283 -0.32733932265583504
0.4721231992095743 -0.155120362611084
0.3405990971584974 -0.22140070873756068
0.2925245885882744 -0.1556954160777806
