566 379 569 271
543 376 534 274
521 380 496 269
467 369 477 258
429 359 446 259
381 347 415 252
331 337 395 231
282 285 387 232
268 262 376 227
255 228 376 222
265 196 384 213
286 153 387 208
360 131 391 208
397 116 411 209
439 113 448 210
478 110 492 215
520 107 545 206
562 109 598 215
618 110 644 216
641 119 711 212
642 119 771 170
640 113 779 112
644 112 740 50
644 111 728 33
642 113 693 26
644 112 665 23
644 109 649 30
627 26 624 110
609 22 592 100
552 27 558 105
482 22 489 111
431 15 451 103
366 4 375 100
297 12 312 97
247 11 266 87
196 3 211 93
148 -10 203 99
81 -9 182 78
60 26 169 74
58 64 165 103
45 82 142 124
28 112 135 140
12 140 123 154
3 179 108 188
-1 218 128 218
10 242 133 239
3 270 139 268
21 310 163 321
31 361 158 353
32 435 171 376
34 498 151 421
73 537 139 451
157 431 161 557
177 433 187 550
203 434 224 549
232 431 253 546
280 431 291 549
308 434 330 561
353 443 368 549
382 427 405 542
436 428 444 556
458 445 494 559
503 444 536 555
541 452 576 549
578 444 668 534
593 426 710 496
586 410 722 479
598 405 731 425
603 393 760 357
589 383 689 308
575 381 618 281